    314104     451066         14
    354973     509387          1
    908965     601621          1
    492810     499615          5
    489577     150663          1
    531522     220840          2
    880318      92788          2
    289749      13326          3
    445625     728692          1
   1001917     813822          1
    780304     896927          1
    259097    1041564          1
    581230     602917          1
    471700     521829          1
    889563     416436          3
    925560     935726          2
    353585     256552          1
    304728     742113          3
    129096     468140          4
    873131     702373          7
    914741     675450         79
    557147     275156          1
    277445     909230         35
    457956     554981          1
    573050     803326          2
    122083     497686          1
    719626     516323          1
    800945     148761          1
    631623     967148          1
    305382     899680          2
    154437      92853          3
    167576     421411          1
    597566     317515          1
    295254     148265          1
    555907     799705          1
    793631     379120          1
    927370     621658          2
    358100     457395          5
   1013407      67473          1
    663837     197419          1
    964878     374420          2
    945151     297572          1
    982424     589561          1
    807793     821424          1
    324929     614727          1
    334585     284943          1
    156078     476399         23
    521886     775709          1
    764519     959608          1
     73301     447013          1
    914396     645705          1
    811280     992951          1
    840962     969016          2
    140774     245145         59
    428559     858794          1
    482204     162986          2
    513521     912441          1
    344355     293991          3
    147606     313781          1
   1005759     827669          1
    886573     245759          1
    484907     908015          1
    792998     930587          1
    574659     598569          3
    933388     789092          4
    798033     208592          1
    940146     214430          2
    316557     360895          1
    859664     218443          1
    575199     634737          3
    984582     423826          2
    626000     610916          4
    102216    1003910          2
    296594     729949          1
    608521      63697          1
    230339     125384          1
    857822     399625          1
    783836     994910          2
   1009851     279158          1
    860027     988517          1
    894450     198578          2
    298048     117076          4
    827484     925117          1
    379389     957522          3
    924266     850676          2
    239017     241823          1
     60628     644881          1
    849422     501264          2
    706058     470312          2
    997423     249198          1
    346313     778546          1
    601495     228165          5
    313243     524237          7
    804506     198836          2
    832533     564603         39
    285125    1039552          1
    213506     103103          1
    703621     765677          1
    336471     814133          1
    372350     294633          1
